TABLE NO.     1: First Order Conditional Estimation: Problem=1 Subproblem=0 Superproblem1=0 Iteration1=0 Superproblem2=0 Iteration2=0
 NAME         THETA1       THETA2       THETA3       SIGMA(1,1)   OMEGA(1,1)   OMEGA(2,1)   OMEGA(2,2)   OMEGA(3,1)   OMEGA(3,2)   OMEGA(3,3)
 THETA1        8.64839E-01  1.45168E-01 -1.74076E-01 -5.01722E-01 -4.44609E-01 -5.39404E-02 -1.61383E-01 -1.66462E-02 -1.65588E-01 -5.24020E-03
 THETA2        1.45168E-01  2.02625E-02  8.51821E-01 -2.22667E-01  4.04035E-01  2.06930E-01  5.11657E-01  3.25363E-01  8.11756E-01  3.26449E-01
 THETA3       -1.74076E-01  8.51821E-01  1.30721E-02  1.53376E-01  7.39798E-01  1.84052E-01  7.41566E-01  3.24381E-01  9.45387E-01  4.32875E-02
 SIGMA(1,1)   -5.01722E-01 -2.22667E-01  1.53376E-01  5.53171E-02  4.46104E-01 -1.08089E-01  2.30873E-01 -9.16071E-02  1.60522E-01 -1.91560E-01
 OMEGA(1,1)   -4.44609E-01  4.04035E-01  7.39798E-01  4.46104E-01  4.17286E+00 -2.55146E-01  4.40400E-01 -8.12448E-02  6.97586E-01 -1.86116E-01
 OMEGA(2,1)   -5.39404E-02  2.06930E-01  1.84052E-01 -1.08089E-01 -2.55146E-01  2.88982E-02  5.69807E-01  9.64731E-01  1.92998E-01 -2.17063E-01
 OMEGA(2,2)   -1.61383E-01  5.11657E-01  7.41566E-01  2.30873E-01  4.40400E-01  5.69807E-01  5.02230E-04  6.51889E-01  8.09980E-01 -2.09489E-01
 OMEGA(3,1)   -1.66462E-02  3.25363E-01  3.24381E-01 -9.16071E-02 -8.12448E-02  9.64731E-01  6.51889E-01  1.02024E+00  3.26921E-01 -3.07534E-01
 OMEGA(3,2)   -1.65588E-01  8.11756E-01  9.45387E-01  1.60522E-01  6.97586E-01  1.92998E-01  8.09980E-01  3.26921E-01  1.48355E-02  1.59501E-01
 OMEGA(3,3)   -5.24020E-03  3.26449E-01  4.32875E-02 -1.91560E-01 -1.86116E-01 -2.17063E-01 -2.09489E-01 -3.07534E-01  1.59501E-01  4.16949E-01
