TABLE NO.     1: First Order Conditional Estimation: Problem=1 Subproblem=0 Superproblem1=0 Iteration1=0 Superproblem2=0 Iteration2=0
 NAME         THETA1       THETA2       THETA3       SIGMA(1,1)   OMEGA(1,1)   OMEGA(2,1)   OMEGA(2,2)   OMEGA(3,1)   OMEGA(3,2)   OMEGA(3,3)
 THETA1        7.47947E-01  2.54390E-03 -1.96799E-03 -2.40026E-02 -1.60453E+00 -1.34809E-03 -7.00964E-05 -1.46878E-02 -2.12454E-03 -1.88959E-03
 THETA2        2.54390E-03  4.10569E-04  2.25626E-04 -2.49578E-04  3.41622E-02  1.21168E-04  5.20684E-06  6.72613E-03  2.44017E-04  2.75798E-03
 THETA3       -1.96799E-03  2.25626E-04  1.70881E-04  1.10908E-04  4.03546E-02  6.95277E-05  4.86854E-06  4.32620E-03  1.83340E-04  2.35935E-04
 SIGMA(1,1)   -2.40026E-02 -2.49578E-04  1.10908E-04  3.05998E-03  1.02974E-01 -1.72786E-04  6.41410E-06 -5.17002E-03  1.31733E-04 -4.41822E-03
 OMEGA(1,1)   -1.60453E+00  3.41622E-02  4.03546E-02  1.02974E-01  1.74128E+01 -3.07675E-02  9.22962E-04 -3.45887E-01  4.31850E-02 -3.23818E-01
 OMEGA(2,1)   -1.34809E-03  1.21168E-04  6.95277E-05 -1.72786E-04 -3.07675E-02  8.35104E-04  8.26991E-06  2.84434E-02  8.27417E-05 -2.61540E-03
 OMEGA(2,2)   -7.00964E-05  5.20684E-06  4.86854E-06  6.41410E-06  9.22962E-04  8.26991E-06  2.52235E-07  3.34026E-04  6.03501E-06 -4.38680E-05
 OMEGA(3,1)   -1.46878E-02  6.72613E-03  4.32620E-03 -5.17002E-03 -3.45887E-01  2.84434E-02  3.34026E-04  1.04090E+00  4.94822E-03 -1.30822E-01
 OMEGA(3,2)   -2.12454E-03  2.44017E-04  1.83340E-04  1.31733E-04  4.31850E-02  8.27417E-05  6.03501E-06  4.94822E-03  2.20091E-04  9.86614E-04
 OMEGA(3,3)   -1.88959E-03  2.75798E-03  2.35935E-04 -4.41822E-03 -3.23818E-01 -2.61540E-03 -4.38680E-05 -1.30822E-01  9.86614E-04  1.73846E-01
